10.11222579829501
9.841452872473315
10.140611457521773
10.007146951669327
9.969164035533913
10.056485291757744
10.079729387193039
10.054529670478438
10.032318153434842
9.995145382303296
10.109206703825185
9.985953574838415
9.940325641171876
10.04075595213488
9.82713480268668
10.340427752562126
10.119515146092336
9.860576671272277
10.151253278055592
9.961326968488914
9.965237276627796
9.716874018223924
9.60548423837202
9.359953746192305
11.098435478956771
10.888878396303827
9.418064340037498
10.037623772149011
10.312735260100585
10.154733961368553
10.225225887275096
9.84498690145618
10.251309194925346
10.67017553154696
10.25257580654468
9.19569166725689
9.906413272510957
10.08741925477868
10.067768115823108
10.151765085470897
9.731316687637786
10.108206679978217
9.728789905602019
10.249825080681637
9.966577753629409
9.952607577062798
10.131579110073211
10.24165004131891
9.869715954868466
10.076148213349326
10.04097706390913
10.029247238496938
9.651599937194675
9.890182991456335
10.206103604277688
9.979552153360421
9.939130925154537
10.029442359886863
10.005997575843848
10.172503145807568
10.399641808430344
9.749057822065103
9.48438907729083
9.265621294660937
10.463769075091248
10.098199483695101
11.541137095580503
9.122847211674577
9.66847102546286
10.408209172392219
9.646235831797616
10.028147565293832
9.835777711668731
9.992518487359172
9.832778483971037
10.082351342506866
10.007545294905732
10.038667307396622
9.966018158940708
9.829608362570884
10.132028283189287
10.028544313598294
9.855580997924
10.073957471650603
9.935574326984387
9.92231790350042
9.936199750947173
9.95777791494759
9.97212186129431
10.063344600132485
9.983231408857202
9.953939790776236
9.872394073064887
10.057508664166546
10.051779396851522
9.944793519820081
10.039157115920865
10.119881925836442
10.158140974802665
10.606508926890644
9.52556102632338
9.431085086338777
8.551604306693669
10.302008083108536
8.127411000454726
7.457647395069671
5.2881514921202175
9.61274315336768
8.798966208336592
7.097312268081774
13.601682536446203
22.726941170788223
22.93953286291484
14.130885695595737
7.678470425876151
2.426601793274405
5.990569014230435
8.108100099989226
11.053757828620503
13.445987735441403
15.42324331410783
12.609750129952763
9.61691063142283
7.664347449866518
7.347846264488833
8.7810162821989
10.507690156699484
11.800677806977935
12.257836151586487
11.1481445958369
9.655174220136653
8.997484491392667
9.267162999461796
10.005469161762115
10.635974198142579
11.094473457924614
10.251933590010442
9.957685207413489
9.811775326544822
9.902930055374553
10.113133387775784
10.196638443471212
10.235154356656759
10.35828128064049
10.076194779424927
10.116241811496593
10.243199022800598
10.04757056787392
10.246458604826826
10.327071189501279
10.150759859252648
10.123666180952402
10.23743804055865
10.017004052021875
10.108408579555462
10.232734467154563
10.22547098954409
10.156743152089627
10.14266970670429
10.211773558685444
10.169521076999983
10.513973202710963
9.3033553930732
9.904990323720073
9.403269552208124
10.120679145309602
10.294405882831159
9.80130474202267
9.57453310951175
9.583131959430355
9.796515207209048
10.250332338481343
10.015781919110054
10.026916518581645
9.642542322257311
9.94570833363881
10.136330375507958
10.333069049367856
10.370854664146236
9.846334063733005
10.219999744392885
9.507704973200518
10.358155698063822
9.97337803094541
9.74384250364505
10.023558142419919
10.09469930713949
10.02787900000641
9.888606873490193
9.986640780542267
9.996286847245925
10.09628859209962
10.041891472754818
10.120734175636976
9.902451999531598
9.927392966107247
10.374459126173496
9.504475392689193
9.914284898263984
10.367035163961793
9.950370083927979
10.102671551285063
10.134765060404204
10.191169686311543
10.14938958498263
10.22415550120843
10.124271319506237
10.169521076999983
9.987774050966715
10.233785690929388
10.04117119755234
10.21241792718226
10.156296198813195
10.172831641242974
10.04117119755234
10.1603503591848
10.019263215225786
10.137647853013007
10.170725111416205
10.04117119755234
10.084089728955266
9.314375925254097
9.773992508971434
9.408141291381298
9.751046540262799
10.43906194455357
10.148283383885595
9.662290788485409
9.919634804925327
9.828446763537533
9.508924608850197
9.821120830520098
9.700222004974979
9.943311227724228
9.952597994902865
10.448245427799408
9.770594048298221
10.242456404984491
9.505695442712721
9.422839366846834
9.112348591366878
9.890557890027061
10.207675917859214
10.083234381912678
9.043397752377965
9.135284480867945
9.737272122303509
11.403680548564614
10.805718384479928
10.395412724509336
10.203986372522506
10.078100018137642
9.75690470031632
9.173068591149294
9.618550307076719
9.967070722097686
9.725405067304113
9.87664935667195
10.167140345143839
9.534953814166132
10.463565647268023
9.966763385146066
9.735271577892036
9.767147537562224
9.79425179194728
9.989287551356774
10.116737290899964
9.61404588271053
9.96674463077871
9.82983422388906
10.019439113855126
8.815943268470518
10.98720604131179
9.485757692405148
10.357143984639524
10.018883613937678
10.210891922000421
9.80847551949851
10.191388283330273
9.997205343747751
10.011484036948284
9.783174465607352
9.776658220448983
9.712559338244775
9.045603186726618
9.871867781657894
9.966111554493134
8.103145374841816
8.245104175138524
7.801761174055009
7.231032454137044
9.70920616668567
12.119094511646757
12.309848867893978
13.561900885924821
11.436072422007753
10.251263796421792
10.605178834665372
10.924682081821292
11.804308114560403
11.369180720864273
9.55021446746154
9.696587219787048
10.224753946267791
10.018587766251196
9.937292324751175
11.715248825940956
11.143125705486826
10.383601288580703
10.323522237548586
10.191424590942676
10.570214338051228
8.844588492715122
9.092334545393255
8.768235740889526
10.124775071648004
11.037735456329177
9.793977202389128
11.38182785184451
10.604890709960893
9.18642746250825
7.545722194157196
13.913482910970465
10.010816065309413
9.26957487215821
11.466796043316696
11.118785022253725
10.111261913958899
10.069979144986783
9.392264376972847
10.64639139423487
9.024526449444245
9.066415927262177
8.649607178693326
6.648753067936757
12.35018559984367
12.931765552419142
11.749119502415118
9.82577530226126
10.068827470023198
9.856737464166326
8.651268803146557
8.584331664263113
11.841747748795097
10.408200376184194
9.904727277241077
10.25034089800874
10.12083481251651
9.751046540262799
9.798787442921828
10.389129576952017
9.517836039818052
10.113546038683094
10.005562189064555
11.19050566293532
9.70294690544591
8.34087010663409
10.095103642544288
9.843338052516193
8.971933045925299
9.357178699420603
10.065815444561103
10.124133414400372
10.024131269224117
10.154049115497788
10.899079072177706
9.275047001886676
9.82496347202179
9.560756549347882
9.955467631125849
10.19583743560006
9.892105160522503
9.897719889388114
9.82446337294848
9.591414077132914
10.022391998401824
9.922271384183498
9.813363395658692
10.213889176239
9.889310101552482
10.04602901521837
9.916015432649694
9.839605324746381
9.902104903431123
9.893089626151895
9.601466353007217
10.131643870543973
9.94368412324482
10.148155954403851
10.083418622457497
9.789818468914369
9.889704319436396
10.343190157857563
9.354263769607243
8.961298488805557
8.794168655634824
10.687669540755943
9.094455966878728
8.452411050314375
4.889325539037523
6.866019747484824
7.883875613550826
7.619437267921113
8.441858140958677
13.822137430741197
21.410285602715433
19.365318586711755
12.548598763711317
9.970252997001568
6.014490114640752
5.5579867108581835
5.719799841733291
8.243292653988265
12.905378039741137
13.021030727670428
13.135178461216574
10.920588907424404
8.87046504679909
7.698967049411868
8.05768766870535
8.33864571678979
10.77861862136172
11.065700606804505
11.291078972156237
11.141961016270248
10.160322951342932
9.261395832097291
8.784870962325344
8.946163220327813
9.76642574842066
10.269317659556116
10.52578838231778
10.190395949947147
10.220698459594292
9.582996218736618
9.423341349150904
9.594865665737832
9.718297034008115
10.175731015950863
9.960199880777447
10.281558695973583
10.074786723035304
9.782112644168595
9.788937019097997
9.841622646490668
10.011177682414152
9.954918524630488
10.12625038997403
10.069564708707698
9.98695667302443
9.840774134756323
9.8980952732868
9.840774134756323
9.98099237251659
10.012002989283507
9.923897892947531
10.012252930296675
9.792547264812857
9.94484990700471
9.867150385915949
9.99160910476593
9.96556265169427
9.929028240801847
9.835598528462105
9.887631606662058
9.929111995271704
9.912179225431222
9.929111995271704
9.893117774335602
9.797746391420118
9.943488086293744
9.872055966903341
9.923813710073668
9.955169898843703
9.82907939212912
9.960284139111492
9.939868188978052
9.903154244444433
9.98695667302443
9.886102157531077
9.86581495922006
9.871970955532385
9.854780139067309
9.860483049859297
9.918363367247926
9.995822796982342
9.949848300410006
9.797746391420118
9.949055413117431
9.666427039322388
9.964855234460257
9.80648016480206
10.006692554187094
9.699313534700979
10.15432335992651
9.878930963294513
9.819070936332743
9.717571616413084
9.774096325716
10.157209615122026
10.340346960743371
10.163499516018554
10.042926208097372
10.772765428411867
11.904324273194476
11.250860562788978
10.981767629843517
10.151664379442987
9.614894962461117
10.118817737863914
10.248531329374941
10.651721338847949
10.093863377362474
10.162103181155617
9.832013790583426
9.578232532787478
8.780603568288315
7.289227875267594
9.558573396611964
8.964879067877053
9.380820540141872
8.737068429747689
9.362975687285699
9.59538767005139
10.042297934374103
9.884253307151806
9.87573818876084
9.716740538467338
9.738319638662803
9.893333317361645
10.123153706567775
9.623158860914764
10.195491721964013
9.892208123324933
9.998263017479546
9.808589083033537
10.123153706567775
9.915781531915266
9.870326614309404
9.814402790604758
10.011845248908212
9.616052605534266
9.890641970265852
10.14944445964189
9.669967833093676
9.583867552974072
9.941547457248623
10.103186197328574
9.71819144358054
9.490851564940543
10.216042069410484
9.945325541281708
9.96828007562065
9.735728847843415
10.233686537554577
9.752026078424798
9.939205383223667
10.100321517208082
10.876255006831755
11.519698810878667
8.23953322931063
7.605388497907359
9.765865622035573
10.251453947827772
9.727951551166152
10.668219771167891
9.846145774306143
10.556569257101497
10.514820357169906
9.85324597778966
11.627613717217988
9.10375342460546
10.275521117126646
10.500095911950341
10.693031708735528
9.8327967179428
9.380939687416465
10.918023605072392
9.322817418655266
10.469627047566533
8.896193438231302
10.837801046271087
15.246967952294032
12.923140218251365
13.069757954837835
11.063756149440268
8.273921156336307
9.326965566685068
8.161407126481295
7.532200163739717
11.860640989739974
10.931447125375616
10.260525393353708
9.195389247369821
9.834966707081145
9.742253282656815
10.128604200326667
9.35116925603842
9.202437732986416
9.202901167163436
10.338247258809268
9.724518955758091
8.721799037032602
9.367898514768818
10.152541390198195
10.317312146661097
9.855015874701825
10.105628048850736
9.568291798789236
9.814082510104381
9.741605617396077
10.08227794157704
9.556292345291237
10.449896298126674
11.360684619744395
10.892966326628684
10.211982002335082
8.537187794552322
8.341292687365014
8.866469891116651
10.53425423986609
10.494519938066189
9.775823971101609
9.55338985336774
9.488182748948368
8.964775666952802
9.779314623573368
9.33057467245516
8.290350983739696
9.245517778849567
10.580389098888883
12.515135489998013
12.774847614252892
11.729919156497573
9.643542770957827
8.551897376048707
9.393370672855205
9.80648016480206
9.324289526988395
8.707962198577546
10.001788170200491
9.549456707744474
9.75997492802636
9.508417516185823
10.493892528299869
10.339100325677936
11.16374266949149
9.42576344279296
10.475738470226432
8.577326725293926
9.081289872293963
9.278906118443208
9.40199726070128
10.262225048178058
9.552564458402445
9.39723072247696
9.971675814148817
10.785509235666911
11.139653873785054
10.49698631997574
11.456736912345981
9.074402878297626
8.910934982821185
8.974155617949567
10.633959414746355
9.892761481827414
9.030392932812841
9.769331327922426
8.77985368263484
9.540837503135165
9.762160322895843
10.343755900678076
10.677892460131668
10.940564930502225
11.155413598942738
9.51050468702137
9.951628615928902
9.759708754774772
9.075138513438015
9.130337760836294
9.117101307700974
9.137893138104536
9.56359856970895
9.563230000475372
8.889184067381498
9.758653761774085
9.606893575698894
9.783999120704443
10.108335367838336
9.956622840045025
9.5526423288987
9.84510934314676
9.96251825692336
10.07220786808387
9.365907863231362
9.660284193451153
9.801749590963102
9.745984546607636
9.800396300107469
10.01817082321251
9.624238219397467
9.811463513879042
9.832278006438713
9.866407301646946
9.905617293600898
9.798985985436117
9.7195954277079
10.241315186203579
10.03491562272328
10.283092020707958
10.523735104482459
10.32256108405198
9.498256724175222
9.129626629685408
9.174747257753335
9.372432102741946
10.003363997164435
9.50685595023895
10.027037119143015
9.89156140660042
9.514502448154476
9.3692153377389
10.245009905622766
10.052342566011822
10.162221802003979
9.88390634386313
9.994012947750502
9.96623250808817
9.668845446361473
9.765228898216893
9.931409973046847
9.665975962549966
10.01980955692916
9.71432580859461
10.003540175359873
9.6707346895691
9.850299315576422
10.114894769171167
9.82473749872969
9.864527303717155
9.921878460260224
9.688606445130942
9.636104370869436
9.847671357460644
9.739482195051972
9.925206287459863
9.927206214125576
9.846531647531522
9.788824006971069
9.892854797772213
9.873934531375161
9.708480462745332
9.7618656826677
9.817361392797807
10.112913099228088
9.82393529039375
9.793835035976155
9.813817026961114
9.79665694534046
9.740796562693488
9.919288694659906
9.931409973046847
9.944831494897944
9.597523496996015
9.868231276444154
9.970671178633934
10.003113834049532
9.777038252443635
9.775975764517703
10.02895131616228
9.99999771118138
9.700451272121958
9.99999771118138
9.83549458519253
9.75822610337403
9.855053808645037
9.915519925873308
9.699380394721299
9.815736273396265
9.58355787815798
9.839671619177247
10.136549402487145
9.92014010422736
9.701340761628888
9.77774989480561
9.779343099239167
9.748649307985087
9.884460167121427
10.004671531520327
9.78306099698367
9.812683103760369
9.760364207992254
9.782264340002053
9.789429970531952
9.73744371273045
9.9697693689238
9.832665199814373
9.780301471580515
9.826531164234899
9.815773581880451
9.771800000836471
10.02712005496492
9.858619721467099
9.806403920975727
9.806451767936018
9.812654724845027
9.782690947550831
9.76248347907433
9.772597510865522
9.881466064407206
9.935294044416775
9.8069912943303
9.77319550309912
9.889770278036986
10.060395014688165
9.612163753109991
9.83926609186694
9.97702285791818
9.669919310808083
10.004661999225661
9.842093579634032
10.064745918928985
9.777559894484634
9.950314111400068
9.788824006971069
9.90798617290322
9.908857032618398
9.74720215390558
9.95324074574575
9.734928317440408
9.277656244737019
10.31433606997819
9.756638052320296
10.503804925250414
10.05098620078639
8.233215366192802
10.643593350308826
10.326253701266964
9.888729546604985
10.283407709562708
9.366443034949453
8.867097586961544
10.384932577826207
10.480846556039737
8.41018709353378
9.835116811969145
8.462500486838751
8.682007734434544
10.681731513315555
9.987170572780094
9.71753393090254
10.063557255332116
10.425128480407702
11.079582172324065
12.015184967357127
10.813741447313944
11.325529740430122
10.179522240000656
10.710729862707515
9.968978831376345
11.031144527979315
10.816185824654504
10.942667236444622
10.435408879573753
9.647745183284124
10.449753929051841
10.928901125995118
10.752848757826523
10.711561456114836
10.568143341501544
9.0832505061955
9.379061213448043
10.895673722702146
11.489165136220462
9.397408115904884
9.276976966433741
10.381188810330089
10.249825452853567
9.797272158516721
11.184503761439236
10.040598663476002
10.449105942732201
11.519715368145427
9.587418545174273
9.079236381114887
10.95934516287017
10.550601193622807
10.906165354927618
10.56631743839756
10.22532586881881
8.92332347863154
9.505168111358962
10.221333308431477
9.790907896686917
10.573548807624006
11.598531801111994
10.026065425431806
10.699621988910001
11.050442606489407
10.407995862251884
9.495619315971322
10.036513994369743
10.791192553696604
9.278426334862225
9.61766307655863
9.352835942169243
8.856128238979712
9.794848072690554
7.8440315834354974
13.01195211438885
12.872561918351641
9.662232752332864
9.92916847151082
9.738710959357114
9.309226055816927
8.942139175127155
9.882949140606781
10.641920551407107
10.047182544136207
10.826368313266096
9.54881554093822
9.8176629157327
9.975284551323977
10.497356627017354
10.534386051865866
10.566765460044888
9.121454673667436
10.163974676551783
9.916380506815832
9.8469934357712
10.019948136429564
10.060828028552978
10.129419186539801
10.39654620114765
9.455592717676566
9.890473809073494
9.664651024799205
9.778053029357219
9.81350527916798
9.807303249185495
9.953939407541313
10.360376554148502
10.248857015755197
9.772901195567277
10.183958596504235
9.873586819125292
10.242148392731403
9.847897191866013
10.075614770349663
9.861450944038594
9.954694351723235
9.812824608359898
9.971322328654992
9.834852672379101
9.939811773532822
9.960954350475944
9.88152281295891
9.944345863275146
9.786104307865008
9.802620549062697
9.942974765752089
9.989083244102893
10.193572124564156
9.890904234308692
9.899181648108398
10.389932572088188
10.501808737325732
9.66746329171112
10.211064519581045
10.608161418647533
9.852360910103206
8.061923220799514
9.26417980534814
9.281744433247507
7.10729037732161
7.928048822370029
6.818695051354704
2.5075500921416523
12.03984131667291
11.520705449439038
21.278810604959073
21.54708886541796
16.023115626338093
9.58911179742298
4.709529533458058
5.379020074707969
4.930283886703808
8.050236327688811
11.20364459547337
13.249700578869225
14.571187452784336
12.691789174547925
9.774760960926958
8.56719886324023
7.378219419050527
7.50944509231424
8.674065390599187
10.392682185921887
11.54238312812251
11.857629539494749
10.76656396145645
9.396075756613685
8.700214988419916
8.691756488729709
9.268504012297592
10.120349333994842
10.822187196577845
10.89466080395361
10.484429940592822
9.639915897746464
9.652848814436854
9.450784188486358
9.510202250130062
10.347144177943987
10.261411687687945
10.287988744275712
10.173533595935913
9.646716698774057
9.831683607779318
9.65807535146775
9.771648142553794
10.208121742598818
10.284697444547355
10.057785540952489
9.989297480200959
9.80110624647979
9.701599099398472
9.238472018379175
8.957281668980881
9.128204619084253
9.406336787130774
9.0331353460295
9.439647708073595
9.517114582198909
9.647725808772242
9.234505124797016
9.170399223797627
9.06811433716161
9.522424833362102
9.211686250313715
9.048043341953612
10.063962462872244
9.151008642083148
10.316512373436554
9.439883707914273
9.76940708012854
9.717084833986911
9.557301822556479
9.424906633557148
9.268504012297592
10.829410096901631
14.211943554616637
13.302254759605724
11.813647663535766
9.343846349315113
9.370423280647257
8.830387223977816
8.9216808825752
9.356881091201426
9.734670864158485
9.539972235361319
9.800916698944464
9.119705545457037
9.758967652677002
10.194965271864895
10.419290156284152
9.337371996879286
8.104862081965107
9.18851761145377
10.67551218273716
9.558670773213375
9.765019512479306
9.84871681491506
10.19148822252871
10.035386988272776
9.908547890032247
10.251517206809142
8.263971231800092
10.796597644208012
11.846225932661264
10.189895441868426
10.655856575513306
9.47726651664083
9.208674728025853
9.19172664656196
9.107695593208783
9.60080919034302
9.838766332066827
9.874826936774639
10.000591260596718
11.671334413727948
10.802327039588038
10.226713571387018
8.106074902033832
9.441229683263135
9.839615016942513
11.498381127562588
9.311308304492371
10.16005750444614
9.788756978472485
10.35504805704309
10.219128522949239
9.50393876188952
10.561840149623142
11.423055230361904
10.98119341814535
10.695451243735764
12.537897263809892
12.36981092377887
11.113552761951318
9.797054502068665
10.163089268715822
11.113151841843218
10.707827861646285
10.499211962964731
10.607977301732976
9.440836941746454
8.105868777779351
8.883703987256842
13.749428477113717
9.745680023157416
7.171937497600102
7.675412980192265
11.669435299741105
12.032388212190762
7.7723033288494685
8.015733982111223
10.382502405546164
9.167384541462996
10.259132968488942
11.210828614453806
10.965090062249475
10.076195158010025
9.88567962671909
9.288687554853981
9.151049494355526
9.890791615895186
10.177918216711815
8.531547345579423
8.14249637349522
8.796593995289811
9.860557714942246
11.39086277508171
12.018102978188194
13.738016351050058
10.735158922203292
8.741218301810243
9.1791443489578
8.149897531438615
7.89672470764927
8.868812660818545
9.402628153805216
10.351042882005522
11.648717824427074
12.368753108814035
13.272195327949412
10.575268132843865
8.986818197012353
8.175034213213241
8.219053081537368
8.39705202961646
8.829662735957797
9.623033595167922
9.989287933235579
10.939649272645632
12.058785454622907
11.767688828576787
11.267691709700072
9.472753301693553
9.138776439012286
9.125561422556721
8.994432210596488
9.23886345284909
9.50460222097202
9.551477000476156
9.820128373124684
9.693133678802575
9.591877807449743
10.572777076639074
11.204522677480544
11.159844853132865
10.150568573158768
9.868532018204933
9.45460143106069
10.230631322686895
9.256075951319845
8.81345962818664
9.353183029101853
9.665822047023552
9.79497114113981
9.874460712628025
10.170980528428316
11.12679902007336
12.116338723496467
12.435436901950121
10.872126057032267
9.23289805831169
7.781093856286646
8.62034591936607
9.530302607244144
9.120427070121567
9.570231185879047
10.071517031821255
10.041808279049325
10.0309123044794
10.163235278116874
10.99893426067296
11.016099419083545
11.093654406498352
10.512905364323354
8.868781691770808
8.49692479771749
9.34083782220327
10.425653553334685
10.397438144596155
9.013727527252357
9.1029790340812
9.510885326680457
9.798673765788887
10.140245803773077
10.353489649620784
11.192743702804941
11.414907352373968
10.032613596231496
9.239164449721843
8.308244806377296
8.794673989886089
9.696980224589211
10.768330050099276
10.30642798867494
9.788520426556472
9.933875232568127
9.807123156757868
9.285461908620665
9.422898877436525
9.846164370952996
10.284192623629814
11.07154123275322
11.470791419345607
11.724548695547211
10.20920240374845
8.867526494070761
8.716405409720315
9.201087505914934
9.976289487014245
9.919887073243245
9.720482772957086
9.471667151969356
9.777038252443635
10.563578353099404
11.036793642349602
10.16038677770961
9.541693097429164
8.857353181583129
8.68601307390895
9.337689427671936
10.922644417528996
10.63804920181856
10.624263962327506
9.986502120831648
9.21554168218525
9.734585828625828
9.672115982332077
9.729295706590948
9.07611954774296
9.495013886050355
10.056107474882452
12.918093366688009
13.205024248568172
10.2109375
8.51502694645917
9.65392524857522
11.263846459382641
10.905714836216248
10.292604432001278
9.255605288042856
8.70156884791697
9.047244365840594
9.808513633434254
10.831911159968097
9.886702930523693
8.435317824005933
7.449446116089668
5.927293216182701
6.162737066881694
7.569005264778338
9.182832323682236
13.023538260707994
12.804191761300526
11.094890868933984
11.087305566573084
10.78245577496437
11.816598655458334
11.193780425523977
13.190412010022303
12.197726453714578
7.1912598437025235
9.66276138169267
10.147332322905582
7.191917852948854
9.284572841368616
11.027024105356675
13.4920800607332
12.728789395216397
8.344406044989203
7.078978362861779
9.274706862102418
10.913111760665757
10.150403966522404
9.426313831824967
9.598083908868462
12.237266306063123
12.346775736756134
9.597031022955298
8.870036281782433
10.971822194293143
9.553623043476016
10.69329141673611
10.138938069913776
9.542606979302134
10.34058011167161
9.814194842683543
10.041753196079684
10.216913554043646
10.449407854597252
12.075235393749189
14.992588501020679
10.576636971825641
8.449765480895248
8.74066623409339
9.310541343807357
8.29363985081928
8.802886697497836
9.580557335427928
11.089230070639275
9.937385606407235
8.298325004238901
7.913293166579535
8.52621814604948
10.337090414252062
10.15959229860274
8.285046207573082
9.00244192268348
9.638780909021087
12.160361411094552
14.338377368159824
11.572816607400103
10.884123734830363
10.076701313564522
9.488397841759989
7.849256550760601
8.795043104108416
8.862127290321624
9.284372748416716
8.053174206927906
9.55857299752549
9.593502675201668
9.384962967813275
9.472459727342883
10.241849682763188
9.649408478470326
9.343935757324733
9.487371785097908
9.126537872735776
10.16779692156965
9.756742835686444
10.308129326526824
9.63059775330366
9.558971277536386
10.296433388671232
9.506514875244354
9.742090783025327
9.69372712851408
9.735128946023423
9.62722594048161
9.74839182575652
9.441112104954602
9.161655744139326
10.410027262334093
9.285820962481758
9.895357804501137
9.933063020377796
9.308120414554995
10.092227596587788
7.996919038687845
11.550713217376584
9.689659222573793
11.243347235394985
12.26869798786256
11.634559556520339
11.011316200738959
10.282226145125954
9.830098110264306
9.92089685139088
10.58962545307095
9.962993430598283
10.383315465267803
10.040431874018013
9.69228161353025
8.52688207350775
8.897882325333837
9.53938881505748
10.456001011539751
9.960069278951021
10.107215615347146
9.806706947781603
10.079434568501505
10.11409596225926
9.767128399902184
9.979041070220742
9.9133490988891
10.191934006793222
9.741109854190448
9.890595301964694
9.733527720700673
9.945409542068775
9.688137107326236
9.958253314815368
10.020290769823818
10.159519831206769
9.751341507395157
9.845062071535294
9.549855367953388
9.607869149669346
9.81218199002003
9.798655079010684
10.172503145807568
10.041706850174613
10.216976653515294
9.674599209943887
9.815839648639972
9.771126184907589
9.717037332137824
9.785525426543797
9.596441133778816
9.94553074743347
9.862382384784668
9.876659012515908
9.827267171177903
9.584883677812032
9.732317417724103
9.956483379150335
9.82900371171177
9.786407183638174
9.938057362022992
9.896979485777189
9.883390314753816
9.722047694017249
9.627206128433912
9.922926094669528
9.836663495843942
9.902235884520996
9.72428907919253
9.85313292895336
9.84406311505982
9.865767786819102
9.778015186818456
9.768087580132793
9.77817669931303
9.898778944140583
9.830211812062828
9.678711676498937
9.706885059261335
9.901365212992332
9.894308407725498
9.883962692455864
9.911028458612249
9.667079346716005
9.071171682902028
9.215743683535528
9.660245494684808
9.735109745419981
9.883005494657072
9.514980350700613
10.108546321812765
10.544295474483947
10.963246412975542
9.909212361435365
9.681509220600589
9.777749504664996
10.09073823101536
9.706885059261335
9.64908113996888
9.726615838207167
9.87339904941872
9.910541555502396
9.664901659959074
9.7189941375586
9.79310586511509
9.931746442713072
9.790614511220642
9.67911407767329
9.736157494430113
9.888991089863042
9.773935136086877
9.707658430442866
9.610851639593717
9.857161622592288
9.988405754259222
9.92250513193426
9.671232877008398
9.726367969942261
9.788577324244562
9.722485968024715
9.714077626732431
10.385771892955285
